500
133
157
495
154
332
335
429
230
250
266
65
79
156
279
383
534
18
28
186
445
511
453
254
507
120
44
479
348
379
181
480
6
34
526
357
446
170
80
324
96
83
355
416
2
37
25
179
330
406
351
26
184
441
531
475
220
504
284
444
258
382
226
1
172
298
404
51
308
541
460
90
384
312
476
239
15
11
31
113
13
145
490
115
407
48
97
194
139
358
510
295
439
388
76
4
346
300
287
536
182
420
199
147
171
473
540
326
389
212
207
124
233
62
57
215
309
45
256
150
39
213
503
431
371
304
263
322
392
175
70
484
433
237
459
144
435
417
241
412
185
499
363
501
367
264
56
465
180
498
81
315
36
340
195
17
60
341
188
221
329
42
269
333
61
331
487
93
165
447
411
232
152
137
16
75
89
201
68
387
99
400
272
129
470
251
478
123
372
469
176
513
155
516
393
211
204
108
261
216
394
265
222
158
193
451
468
40
354
419
292
343
107
325
314
22
311
210
288
196
450
268
339
443
134
375
160
303
78
67
35
422
174
294
243
360
151
259
302
209
276
88
436
347
135
205
271
252
32
169
55
399
190
508
275
442
91
59
227
285
427
187
533
432
512
505
281
491
366
5
71
454
386
293
482
313
377
132
509
161
296
53
82
398
483
336
521
496
153
402
87
488
12
73
77
328
532
217
166
520
64
522
477
390
146
289
149
464
273
528
301
525
497
95
323
282
462
391
474
238
119
280
128
103
403
231
164
380
421
240
456
385
299
486
46
320
519
100
130
203
438
352
206
140
208
